//
NA	ENCODE.UA1
P0	A	C	G	T
01	0.155211	0.343681	0.206208	0.294900
02	0.013304	0.137472	0.044346	0.804878
03	0.137472	0.818182	0.028825	0.015521
04	0.015521	0.079823	0.017738	0.886918
05	0.000000	1.000000	0.000000	0.000000
06	0.024390	0.000000	0.975610	0.000000
07	0.002217	0.997783	0.000000	0.000000
08	0.000000	0.000000	1.000000	0.000000
09	0.773836	0.064302	0.121951	0.039911
10	0.011086	0.057650	0.733925	0.197339
11	0.725055	0.044346	0.161863	0.068736
12	0.172949	0.283814	0.212860	0.330377
13	0.008869	0.368071	0.073171	0.549889
14	0.113082	0.192905	0.117517	0.576497
15	0.070953	0.339246	0.456763	0.133038
//