//
NA /import/bc2/home/nimwegen/GROUP/hseq_pipeline/severin/Anduril/Pipeline/PipeLine140113/COMPONENTS/WMcomparison/execute/WMcomparison/intermediate/ARID5B.p2
P0	A	C	G	T
1	0.0298548527251	0.108433139263	0.133192129109	0.728519878903	
2	0.00752849612944	0.221595613172	0.21014638339	0.560729507308	
3	0.154132237252	0.0550333666071	0.42468915648	0.36614523966	
4	0.249253082311	0.0242961133395	0.716731339916	0.00971946443352	
5	0.014627719445	0.0324727705995	0.0521819372477	0.900717572708	
6	0.830293969561	0.0493146567685	0.0862560927316	0.0341352809393	
7	0.00433135588914	0.0322576715848	0.0223215536383	0.941089418888	
8	0.00166035377114	0.00494609020566	0.011516069804	0.981877486219	
9	0.170466775339	0.119477114419	0.530254505034	0.179801605208	
10	0.0763956145598	0.0594307597578	0.124513671659	0.739659954024	
11	0.268630133986	0.0624539084473	0.592947095289	0.0759688622781	
12	0.234211584012	0.312321225051	0.39576141398	0.0577057769576	
13	0.278527869092	0.0401213780787	0.0418736445337	0.639477108296	
14	0.0259957751664	0.127657948755	0.198055101622	0.648291174457	
//
